#Layer_Color=9474304
#
#Feature symbol names
#
$0 r5

#
#Feature attribute names
#

#
#Layer features
#
L 0.025 0.49 0.033 0.49 0 P 0
L 0.0254358 0.8497484 0.0334358 0.8497484 0 P 0
L 0.0263072 0.325307 0.0343072 0.325307 0 P 0
L 0.029 0.486 0.029 0.494 0 P 0
L 0.0294358 0.8457484 0.0294358 0.8537484 0 P 0
L 0.0303072 0.321307 0.0303072 0.329307 0 P 0
L 0.031 0.639 0.039 0.639 0 P 0
L 0.031 0.7911008 0.039 0.7911008 0 P 0
L 0.035 0.635 0.035 0.643 0 P 0
L 0.035 0.7871008 0.035 0.7951008 0 P 0
L 0.0374412 0.9159045 0.0454412 0.9159045 0 P 0
L 0.0374412 1.833 0.0454412 1.833 0 P 0
L 0.0393701 0.0925197 0.1456693 0.0925197 0 P 0
L 0.0393701 2.6633858 0.1456693 2.6633858 0 P 0
L 0.0414412 0.9119045 0.0414412 0.9199045 0 P 0
L 0.0414412 1.829 0.0414412 1.837 0 P 0
L 0.0672 0.639 0.0928 0.639 0 P 0
L 0.0672 0.689 0.0928 0.689 0 P 0
L 0.0672 0.739 0.0928 0.739 0 P 0
L 0.0672 0.789 0.0928 0.789 0 P 0
L 0.0672 0.839 0.0928 0.839 0 P 0
L 0.08 0.6262 0.08 0.6518 0 P 0
L 0.08 0.6762 0.08 0.7018 0 P 0
L 0.08 0.7262 0.08 0.7518 0 P 0
L 0.08 0.7762 0.08 0.8018 0 P 0
L 0.08 0.8262 0.08 0.8518 0 P 0
L 0.0925197 0.0393701 0.0925197 0.1456693 0 P 0
L 0.0925197 2.6102362 0.0925197 2.7165354 0 P 0
L 0.0969765 2.38 0.1049765 2.38 0 P 0
L 0.0985809 0.9159045 0.1065809 0.9159045 0 P 0
L 0.0985809 1.833 0.1065809 1.833 0 P 0
L 0.1009765 2.376 0.1009765 2.384 0 P 0
L 0.1025809 0.9119045 0.1025809 0.9199045 0 P 0
L 0.1025809 1.829 0.1025809 1.837 0 P 0
L 0.111 2.31 0.119 2.31 0 P 0
L 0.115 2.306 0.115 2.314 0 P 0
L 0.1172 0.639 0.1428 0.639 0 P 0
L 0.1172 0.689 0.1428 0.689 0 P 0
L 0.1172 0.739 0.1428 0.739 0 P 0
L 0.1172 0.789 0.1428 0.789 0 P 0
L 0.1172 0.839 0.1428 0.839 0 P 0
L 0.13 0.6262 0.13 0.6518 0 P 0
L 0.13 0.6762 0.13 0.7018 0 P 0
L 0.13 0.7262 0.13 0.7518 0 P 0
L 0.13 0.7762 0.13 0.8018 0 P 0
L 0.13 0.8262 0.13 0.8518 0 P 0
L 0.136 2.569 0.144 2.569 0 P 0
L 0.14 2.565 0.14 2.573 0 P 0
L 0.1459291 1.961 0.1539291 1.961 0 P 0
L 0.146 2.3788739 0.154 2.3788739 0 P 0
L 0.1499291 1.957 0.1499291 1.965 0 P 0
L 0.15 2.3748739 0.15 2.3828739 0 P 0
L 0.1597206 0.9159045 0.1677206 0.9159045 0 P 0
L 0.1597206 1.833 0.1677206 1.833 0 P 0
L 0.1637206 0.9119045 0.1637206 0.9199045 0 P 0
L 0.1637206 1.829 0.1637206 1.837 0 P 0
L 0.1985197 2.3788739 0.2065197 2.3788739 0 P 0
L 0.2019294 2.531 0.2099294 2.531 0 P 0
L 0.2025197 2.3748739 0.2025197 2.3828739 0 P 0
L 0.204 0.206 0.212 0.206 0 P 0
L 0.2059294 2.527 0.2059294 2.535 0 P 0
L 0.208 0.202 0.208 0.21 0 P 0
L 0.2085197 2.33 0.2165197 2.33 0 P 0
L 0.2125197 2.326 0.2125197 2.334 0 P 0
L 0.2208603 0.9159045 0.2288603 0.9159045 0 P 0
L 0.2208603 1.833 0.2288603 1.833 0 P 0
L 0.2248603 0.9119045 0.2248603 0.9199045 0 P 0
L 0.2248603 1.829 0.2248603 1.837 0 P 0
L 0.2357914 2.5185039 0.2437914 2.5185039 0 P 0
L 0.2378174 2.3404737 0.2458174 2.3404737 0 P 0
L 0.2397914 2.5145039 0.2397914 2.5225039 0 P 0
L 0.2418174 2.3364737 0.2418174 2.3444737 0 P 0
L 0.2734941 2.3163771 0.2814941 2.3163771 0 P 0
L 0.2774941 2.3123771 0.2774941 2.3203771 0 P 0
L 0.282 0.9159045 0.29 0.9159045 0 P 0
L 0.282 0.9770442 0.29 0.9770442 0 P 0
L 0.282 1.0381839 0.29 1.0381839 0 P 0
L 0.282 1.0993236 0.29 1.0993236 0 P 0
L 0.282 1.1604633 0.29 1.1604633 0 P 0
L 0.282 1.221603 0.29 1.221603 0 P 0
L 0.282 1.2827427 0.29 1.2827427 0 P 0
L 0.282 1.3438824 0.29 1.3438824 0 P 0
L 0.282 1.4050221 0.29 1.4050221 0 P 0
L 0.282 1.4661618 0.29 1.4661618 0 P 0
L 0.282 1.5273015 0.29 1.5273015 0 P 0
L 0.282 1.5884412 0.29 1.5884412 0 P 0
L 0.282 1.6495809 0.29 1.6495809 0 P 0
L 0.282 1.7107206 0.29 1.7107206 0 P 0
L 0.282 1.7718603 0.29 1.7718603 0 P 0
L 0.282 1.833 0.29 1.833 0 P 0
L 0.2853307 2.1483978 0.2933307 2.1483978 0 P 0
L 0.286 0.9119045 0.286 0.9199045 0 P 0
L 0.286 0.9730442 0.286 0.9810442 0 P 0
L 0.286 1.0341839 0.286 1.0421839 0 P 0
L 0.286 1.0953236 0.286 1.1033236 0 P 0
L 0.286 1.1564633 0.286 1.1644633 0 P 0
L 0.286 1.217603 0.286 1.225603 0 P 0
L 0.286 1.2787427 0.286 1.2867427 0 P 0
L 0.286 1.3398824 0.286 1.3478824 0 P 0
L 0.286 1.4010221 0.286 1.4090221 0 P 0
L 0.286 1.4621618 0.286 1.4701618 0 P 0
L 0.286 1.5233015 0.286 1.5313015 0 P 0
L 0.286 1.5844412 0.286 1.5924412 0 P 0
L 0.286 1.6455809 0.286 1.6535809 0 P 0
L 0.286 1.7067206 0.286 1.7147206 0 P 0
L 0.286 1.7678603 0.286 1.7758603 0 P 0
L 0.286 1.829 0.286 1.837 0 P 0
L 0.2893307 2.1443978 0.2893307 2.1523978 0 P 0
L 0.313 0.1216 0.413 0.1216 0 P 0
L 0.313 1.9916 0.413 1.9916 0 P 0
L 0.3166495 1.0709705 0.3246495 1.0709705 0 P 0
L 0.3166495 1.6913582 0.3246495 1.6913582 0 P 0
L 0.3206038 2.1384267 0.3286038 2.1384267 0 P 0
L 0.3206495 1.0669705 0.3206495 1.0749705 0 P 0
L 0.3206495 1.6873582 0.3206495 1.6953582 0 P 0
L 0.3246038 2.1344267 0.3246038 2.1424267 0 P 0
L 0.3345433 2.31 0.3425433 2.31 0 P 0
L 0.3385433 2.306 0.3385433 2.314 0 P 0
L 0.341 1.508 0.349 1.508 0 P 0
L 0.345 1.504 0.345 1.512 0 P 0
L 0.3450157 2.705 0.3530157 2.705 0 P 0
L 0.3490157 2.701 0.3490157 2.709 0 P 0
L 0.363 0.0716 0.363 0.1716 0 P 0
L 0.363 1.9416 0.363 2.0416 0 P 0
L 0.3878174 0.684 0.3958174 0.684 0 P 0
L 0.3918174 0.68 0.3918174 0.688 0 P 0
L 0.4111377 1.486 0.4191377 1.486 0 P 0
L 0.4151377 1.482 0.4151377 1.49 0 P 0
L 0.461 0.082 0.469 0.082 0 P 0
L 0.465 0.078 0.465 0.086 0 P 0
L 0.4770826 1.3331733 0.4850826 1.3331733 0 P 0
L 0.4770826 1.4190788 0.4850826 1.4190788 0 P 0
L 0.4810826 1.3291733 0.4810826 1.3371733 0 P 0
L 0.4810826 1.4150788 0.4810826 1.4230788 0 P 0
L 0.5133937 0.105 0.5626063 0.105 0 P 0
L 0.5143038 2.141259 0.5223038 2.141259 0 P 0
L 0.5166534 2.417526 0.5246534 2.417526 0 P 0
L 0.5183038 2.137259 0.5183038 2.145259 0 P 0
L 0.5204961 0.7737166 0.5284961 0.7737166 0 P 0
L 0.5206534 2.413526 0.5206534 2.421526 0 P 0
L 0.5244961 0.7697166 0.5244961 0.7777166 0 P 0
L 0.5245826 2.705 0.5325826 2.705 0 P 0
L 0.5276643 2.24 0.5356643 2.24 0 P 0
L 0.527868 2.1926908 0.535868 2.1926908 0 P 0
L 0.5285826 2.701 0.5285826 2.709 0 P 0
L 0.5316643 2.236 0.5316643 2.244 0 P 0
L 0.531868 2.1886908 0.531868 2.1966908 0 P 0
L 0.538 0.0803937 0.538 0.1296063 0 P 0
L 0.5644054 1.3331733 0.5724054 1.3331733 0 P 0
L 0.5644054 1.4190788 0.5724054 1.4190788 0 P 0
L 0.5684054 1.3291733 0.5684054 1.3371733 0 P 0
L 0.5684054 1.4150788 0.5684054 1.4230788 0 P 0
L 0.6133937 0.105 0.6626063 0.105 0 P 0
L 0.633 0.177 0.641 0.177 0 P 0
L 0.637 0.173 0.637 0.181 0 P 0
L 0.638 0.0803937 0.638 0.1296063 0 P 0
L 0.6394725 1.5385276 0.6474725 1.5385276 0 P 0
L 0.6434725 1.5345276 0.6434725 1.5425276 0 P 0
L 0.648 1.692 0.656 1.692 0 P 0
L 0.652 1.688 0.652 1.696 0 P 0
L 0.679 2.697 0.687 2.697 0 P 0
L 0.683 2.693 0.683 2.701 0 P 0
L 0.6946023 1.0652934 0.7026023 1.0652934 0 P 0
L 0.6946023 1.6913582 0.7026023 1.6913582 0 P 0
L 0.6946023 2.1507517 0.7026023 2.1507517 0 P 0
L 0.6986023 1.0612934 0.6986023 1.0692934 0 P 0
L 0.6986023 1.6873582 0.6986023 1.6953582 0 P 0
L 0.6986023 2.1467517 0.6986023 2.1547517 0 P 0
L 0.707 1.015 0.715 1.015 0 P 0
L 0.711 1.011 0.711 1.019 0 P 0
L 0.7133937 0.105 0.7626063 0.105 0 P 0
L 0.7170286 2.3859179 0.7250286 2.3859179 0 P 0
L 0.7210286 2.3819179 0.7210286 2.3899179 0 P 0
L 0.7283424 1.5667717 0.7363424 1.5667717 0 P 0
L 0.7296006 2.2553756 0.7376006 2.2553756 0 P 0
L 0.7323424 1.5627717 0.7323424 1.5707717 0 P 0
L 0.7336006 2.2513756 0.7336006 2.2593756 0 P 0
L 0.738 0.0803937 0.738 0.1296063 0 P 0
L 0.7418465 1.6913582 0.7498465 1.6913582 0 P 0
L 0.7458465 1.6873582 0.7458465 1.6953582 0 P 0
L 0.753 1.056 0.761 1.056 0 P 0
L 0.757 1.052 0.757 1.06 0 P 0
L 0.7945114 2.2133298 0.8025114 2.2133298 0 P 0
L 0.7985114 2.2093298 0.7985114 2.2173298 0 P 0
L 0.801 1.5195276 0.809 1.5195276 0 P 0
L 0.8025 2.6037008 0.8105 2.6037008 0 P 0
L 0.805 1.5155276 0.805 1.5235276 0 P 0
L 0.8065 2.5997008 0.8065 2.6077008 0 P 0
L 0.8133937 0.105 0.8626063 0.105 0 P 0
L 0.8328268 0.188685 0.8408268 0.188685 0 P 0
L 0.8345873 2.4521259 0.8425873 2.4521259 0 P 0
L 0.8349292 2.1826378 0.8429292 2.1826378 0 P 0
L 0.8368268 0.184685 0.8368268 0.192685 0 P 0
L 0.838 0.0803937 0.838 0.1296063 0 P 0
L 0.8385873 2.4481259 0.8385873 2.4561259 0 P 0
L 0.8389292 2.1786378 0.8389292 2.1866378 0 P 0
L 0.855 2.6037008 0.905 2.6037008 0 P 0
L 0.88 2.5787008 0.88 2.6287008 0 P 0
L 0.8818187 2.3352312 0.8898187 2.3352312 0 P 0
L 0.8858187 2.3312312 0.8858187 2.3392312 0 P 0
L 0.8927236 1.2399304 0.9007236 1.2399304 0 P 0
L 0.8967236 1.2359304 0.8967236 1.2439304 0 P 0
L 0.9133937 0.105 0.9626063 0.105 0 P 0
L 0.926 1.712 0.934 1.712 0 P 0
L 0.93 1.708 0.93 1.716 0 P 0
L 0.9308227 2.4409645 0.9388227 2.4409645 0 P 0
L 0.9338268 0.187685 0.9418268 0.187685 0 P 0
L 0.9348227 2.4369645 0.9348227 2.4449645 0 P 0
L 0.9378268 0.183685 0.9378268 0.191685 0 P 0
L 0.938 0.0803937 0.938 0.1296063 0 P 0
L 0.9510709 1.888 0.9590709 1.888 0 P 0
L 0.9510709 2.1819292 0.9590709 2.1819292 0 P 0
L 0.955 2.6037008 1.005 2.6037008 0 P 0
L 0.9550709 1.884 0.9550709 1.892 0 P 0
L 0.9550709 2.1779292 0.9550709 2.1859292 0 P 0
L 0.9596023 1.2958504 0.9676023 1.2958504 0 P 0
L 0.9596023 1.4109685 0.9676023 1.4109685 0 P 0
L 0.9636023 1.2918504 0.9636023 1.2998504 0 P 0
L 0.9636023 1.4069685 0.9636023 1.4149685 0 P 0
L 0.9780668 1.6913582 0.9860668 1.6913582 0 P 0
L 0.98 2.5787008 0.98 2.6287008 0 P 0
L 0.9820668 1.6873582 0.9820668 1.6953582 0 P 0
L 1.0133937 0.105 1.0626063 0.105 0 P 0
L 1.0338268 0.187685 1.0418268 0.187685 0 P 0
L 1.0378268 0.183685 1.0378268 0.191685 0 P 0
L 1.038 0.0803937 1.038 0.1296063 0 P 0
L 1.054 1.064 1.062 1.064 0 P 0
L 1.055 2.6037008 1.105 2.6037008 0 P 0
L 1.058 1.06 1.058 1.068 0 P 0
L 1.0720038 1.2958504 1.0800038 1.2958504 0 P 0
L 1.0720038 1.4109685 1.0800038 1.4109685 0 P 0
L 1.0760038 1.2918504 1.0760038 1.2998504 0 P 0
L 1.0760038 1.4069685 1.0760038 1.4149685 0 P 0
L 1.08 2.5787008 1.08 2.6287008 0 P 0
L 1.1133937 0.105 1.1626063 0.105 0 P 0
L 1.121 1.581 1.129 1.581 0 P 0
L 1.125 1.577 1.125 1.585 0 P 0
L 1.1312269 2.0856763 1.1392269 2.0856763 0 P 0
L 1.1324229 1.0634229 1.1404229 1.0634229 0 P 0
L 1.1338268 0.188685 1.1418268 0.188685 0 P 0
L 1.1352269 2.0816763 1.1352269 2.0896763 0 P 0
L 1.1364229 1.0594229 1.1364229 1.0674229 0 P 0
L 1.1378268 0.184685 1.1378268 0.192685 0 P 0
L 1.138 0.0803937 1.138 0.1296063 0 P 0
L 1.148 1.205 1.156 1.205 0 P 0
L 1.152 1.201 1.152 1.209 0 P 0
L 1.188 1.177 1.196 1.177 0 P 0
L 1.192 1.173 1.192 1.181 0 P 0
L 1.2133937 0.105 1.2626063 0.105 0 P 0
L 1.22 1.1613544 1.228 1.1613544 0 P 0
L 1.22 1.701 1.228 1.701 0 P 0
L 1.224 1.1573544 1.224 1.1653544 0 P 0
L 1.224 1.697 1.224 1.705 0 P 0
L 1.2338268 0.188685 1.2418268 0.188685 0 P 0
L 1.2378268 0.184685 1.2378268 0.192685 0 P 0
L 1.238 0.0803937 1.238 0.1296063 0 P 0
L 1.242342 2.3893637 1.250342 2.3893637 0 P 0
L 1.246342 2.3853637 1.246342 2.3933637 0 P 0
L 1.2467676 2.5484642 1.2547676 2.5484642 0 P 0
L 1.2507676 2.5444642 1.2507676 2.5524642 0 P 0
L 1.26024 1.0745942 1.26824 1.0745942 0 P 0
L 1.26024 2.0699945 1.26824 2.0699945 0 P 0
L 1.2618032 2.1222289 1.2698032 2.1222289 0 P 0
L 1.26424 1.0705942 1.26424 1.0785942 0 P 0
L 1.26424 2.0659945 1.26424 2.0739945 0 P 0
L 1.2658032 2.1182289 1.2658032 2.1262289 0 P 0
L 1.3040315 1.012 1.3120315 1.012 0 P 0
L 1.3080315 1.008 1.3080315 1.016 0 P 0
L 1.3112048 2.0699945 1.3192048 2.0699945 0 P 0
L 1.3112048 2.1199999 1.3192048 2.1199999 0 P 0
L 1.3133937 0.105 1.3626063 0.105 0 P 0
L 1.3152048 2.0659945 1.3152048 2.0739945 0 P 0
L 1.3152048 2.1159999 1.3152048 2.1239999 0 P 0
L 1.338 0.0803937 1.338 0.1296063 0 P 0
L 1.36287 1.6225264 1.37087 1.6225264 0 P 0
L 1.3637802 2.0663187 1.3717802 2.0663187 0 P 0
L 1.3637802 2.1222289 1.3717802 2.1222289 0 P 0
L 1.36687 1.6185264 1.36687 1.6265264 0 P 0
L 1.3677802 2.0623187 1.3677802 2.0703187 0 P 0
L 1.3677802 2.1182289 1.3677802 2.1262289 0 P 0
L 1.386 1.19 1.394 1.19 0 P 0
L 1.3862913 1.0416188 1.3942913 1.0416188 0 P 0
L 1.39 1.186 1.39 1.194 0 P 0
L 1.3902913 1.0376188 1.3902913 1.0456188 0 P 0
L 1.4133937 0.105 1.4626063 0.105 0 P 0
L 1.4177874 1.3950547 1.4257874 1.3950547 0 P 0
L 1.419 1.336 1.427 1.336 0 P 0
L 1.4217874 1.3910547 1.4217874 1.3990547 0 P 0
L 1.423 1.332 1.423 1.34 0 P 0
L 1.438 0.0803937 1.438 0.1296063 0 P 0
L 1.453 1.177 1.461 1.177 0 P 0
L 1.457 1.173 1.457 1.181 0 P 0
L 1.4982929 0.9693887 1.5062929 0.9693887 0 P 0
L 1.499 0.925 1.507 0.925 0 P 0
L 1.5022929 0.9653887 1.5022929 0.9733887 0 P 0
L 1.503 0.921 1.503 0.929 0 P 0
L 1.5133937 0.105 1.5626063 0.105 0 P 0
L 1.51687 1.6185894 1.52487 1.6185894 0 P 0
L 1.520532 1.4258177 1.528532 1.4258177 0 P 0
L 1.52087 1.6145894 1.52087 1.6225894 0 P 0
L 1.524532 1.4218177 1.524532 1.4298177 0 P 0
L 1.5320032 0.3053049 1.5400032 0.3053049 0 P 0
L 1.5360032 0.3013049 1.5360032 0.3093049 0 P 0
L 1.538 0.0803937 1.538 0.1296063 0 P 0
L 1.5675337 1.1453544 1.5755337 1.1453544 0 P 0
L 1.5675337 1.2007605 1.5755337 1.2007605 0 P 0
L 1.5675337 1.2635273 1.5755337 1.2635273 0 P 0
L 1.568 0.8753623 1.576 0.8753623 0 P 0
L 1.568 0.9824108 1.576 0.9824108 0 P 0
L 1.5715337 1.1413544 1.5715337 1.1493544 0 P 0
L 1.5715337 1.1967605 1.5715337 1.2047605 0 P 0
L 1.5715337 1.2595273 1.5715337 1.2675273 0 P 0
L 1.572 0.8713623 1.572 0.8793623 0 P 0
L 1.572 0.9784108 1.572 0.9864108 0 P 0
L 1.5772761 0.603194 1.5852761 0.603194 0 P 0
L 1.5812761 0.599194 1.5812761 0.607194 0 P 0
L 1.5981991 0.529056 1.6061991 0.529056 0 P 0
L 1.6021991 0.525056 1.6021991 0.533056 0 P 0
L 1.6133937 0.105 1.6626063 0.105 0 P 0
L 1.62124 1.1453544 1.62924 1.1453544 0 P 0
L 1.62124 1.2007605 1.62924 1.2007605 0 P 0
L 1.62124 1.2635273 1.62924 1.2635273 0 P 0
L 1.62524 1.1413544 1.62524 1.1493544 0 P 0
L 1.62524 1.1967605 1.62524 1.2047605 0 P 0
L 1.62524 1.2595273 1.62524 1.2675273 0 P 0
L 1.633 0.632 1.641 0.632 0 P 0
L 1.6361826 0.3058622 1.6441826 0.3058622 0 P 0
L 1.637 0.628 1.637 0.636 0 P 0
L 1.638 0.0803937 1.638 0.1296063 0 P 0
L 1.6401826 0.3018622 1.6401826 0.3098622 0 P 0
L 1.6459365 1.0914158 1.6539365 1.0914158 0 P 0
L 1.6499365 1.0874158 1.6499365 1.0954158 0 P 0
L 1.654303 1.6875001 1.662303 1.6875001 0 P 0
L 1.658303 1.6835001 1.658303 1.6915001 0 P 0
L 1.6821013 0.2640161 1.6901013 0.2640161 0 P 0
L 1.6861013 0.2600161 1.6861013 0.2680161 0 P 0
L 1.6885 0.4872762 1.6965 0.4872762 0 P 0
L 1.6885 0.5690655 1.6965 0.5690655 0 P 0
L 1.6925 0.4832762 1.6925 0.4912762 0 P 0
L 1.6925 0.5650655 1.6925 0.5730655 0 P 0
L 1.6949746 2.0807873 1.7029746 2.0807873 0 P 0
L 1.6989746 2.0767873 1.6989746 2.0847873 0 P 0
L 1.705514 0.418563 1.713514 0.418563 0 P 0
L 1.709514 0.414563 1.709514 0.422563 0 P 0
L 1.7133937 0.105 1.7626063 0.105 0 P 0
L 1.7196125 2.6423425 1.7276125 2.6423425 0 P 0
L 1.719925 1.0460958 1.727925 1.0460958 0 P 0
L 1.7236125 2.6383425 1.7236125 2.6463425 0 P 0
L 1.723925 1.0420958 1.723925 1.0500958 0 P 0
L 1.738 0.0803937 1.738 0.1296063 0 P 0
L 1.740925 1.2520958 1.748925 1.2520958 0 P 0
L 1.744925 1.2480958 1.744925 1.2560958 0 P 0
L 1.780492 0.5095222 1.788492 0.5095222 0 P 0
L 1.7822908 0.3909328 1.7902908 0.3909328 0 P 0
L 1.7833769 0.4639092 1.7913769 0.4639092 0 P 0
L 1.784492 0.5055222 1.784492 0.5135222 0 P 0
L 1.7862908 0.3869328 1.7862908 0.3949328 0 P 0
L 1.7873769 0.4599092 1.7873769 0.4679092 0 P 0
L 1.8011067 1.0454344 1.8091067 1.0454344 0 P 0
L 1.8051067 1.0414344 1.8051067 1.0494344 0 P 0
L 1.8133937 0.105 1.8626063 0.105 0 P 0
L 1.8221219 0.8510958 1.8301219 0.8510958 0 P 0
L 1.8258028 1.5082072 1.8338028 1.5082072 0 P 0
L 1.8261219 0.8470958 1.8261219 0.8550958 0 P 0
L 1.8268189 1.1289304 1.8348189 1.1289304 0 P 0
L 1.8298028 1.5042072 1.8298028 1.5122072 0 P 0
L 1.8308189 1.1249304 1.8308189 1.1329304 0 P 0
L 1.8338316 0.1662205 1.8418316 0.1662205 0 P 0
L 1.8378316 0.1622205 1.8378316 0.1702205 0 P 0
L 1.838 0.0803937 1.838 0.1296063 0 P 0
L 1.8462071 0.4098213 1.8542071 0.4098213 0 P 0
L 1.8502071 0.4058213 1.8502071 0.4138213 0 P 0
L 1.8602649 2.0663187 1.8682649 2.0663187 0 P 0
L 1.8642649 2.0623187 1.8642649 2.0703187 0 P 0
L 1.8853065 1.7505118 1.8933065 1.7505118 0 P 0
L 1.8883818 0.476 1.8963818 0.476 0 P 0
L 1.8893065 1.7465118 1.8893065 1.7545118 0 P 0
L 1.8923818 0.472 1.8923818 0.48 0 P 0
L 1.905418 1.5654518 1.913418 1.5654518 0 P 0
L 1.909418 1.5614518 1.909418 1.5694518 0 P 0
L 1.9133937 0.105 1.9626063 0.105 0 P 0
L 1.9241036 2.0849292 1.9321036 2.0849292 0 P 0
L 1.9275005 2.1876572 1.9355005 2.1876572 0 P 0
L 1.9281036 2.0809292 1.9281036 2.0889292 0 P 0
L 1.9315005 2.1836572 1.9315005 2.1916572 0 P 0
L 1.938 0.0803937 1.938 0.1296063 0 P 0
L 1.9388041 0.4151373 1.9468041 0.4151373 0 P 0
L 1.9428041 0.4111373 1.9428041 0.4191373 0 P 0
L 1.949 0.4754396 1.957 0.4754396 0 P 0
L 1.953 0.4714396 1.953 0.4794396 0 P 0
L 1.9739601 1.5669213 1.9819601 1.5669213 0 P 0
L 1.9765121 2.0737991 1.9845121 2.0737991 0 P 0
L 1.9779601 1.5629213 1.9779601 1.5709213 0 P 0
L 1.9805121 2.0697991 1.9805121 2.0777991 0 P 0
L 2.0133937 0.105 2.0626063 0.105 0 P 0
L 2.0342022 2.0734419 2.0422022 2.0734419 0 P 0
L 2.038 0.0803937 2.038 0.1296063 0 P 0
L 2.0382022 2.0694419 2.0382022 2.0774419 0 P 0
L 2.0502022 1.7459196 2.0582022 1.7459196 0 P 0
L 2.052432 1.5543981 2.060432 1.5543981 0 P 0
L 2.0542022 1.7419196 2.0542022 1.7499196 0 P 0
L 2.056432 1.5503981 2.056432 1.5583981 0 P 0
L 2.0662022 2.0734419 2.0742022 2.0734419 0 P 0
L 2.0702022 2.0694419 2.0702022 2.0774419 0 P 0
L 2.090925 0.4916629 2.098925 0.4916629 0 P 0
L 2.094925 0.4876629 2.094925 0.4956629 0 P 0
L 2.1019128 2.0750883 2.1099128 2.0750883 0 P 0
L 2.1059128 2.0710883 2.1059128 2.0790883 0 P 0
L 2.1133937 0.105 2.1626063 0.105 0 P 0
L 2.1349839 2.0737991 2.1429839 2.0737991 0 P 0
L 2.138 0.0803937 2.138 0.1296063 0 P 0
L 2.1389839 2.0697991 2.1389839 2.0777991 0 P 0
L 2.1955582 2.132 2.2035582 2.132 0 P 0
L 2.1995582 2.128 2.1995582 2.136 0 P 0
L 2.2133937 0.105 2.2626063 0.105 0 P 0
L 2.2229363 2.0349999 2.2309363 2.0349999 0 P 0
L 2.2269363 2.0309999 2.2269363 2.0389999 0 P 0
L 2.231 0.9900958 2.239 0.9900958 0 P 0
L 2.235 0.9860958 2.235 0.9940958 0 P 0
L 2.2368819 1.7078473 2.2448819 1.7078473 0 P 0
L 2.238 0.0803937 2.238 0.1296063 0 P 0
L 2.2408819 1.7038473 2.2408819 1.7118473 0 P 0
L 2.2687178 2.1686572 2.2767178 2.1686572 0 P 0
L 2.2727178 2.1646572 2.2727178 2.1726572 0 P 0
L 2.3133937 0.105 2.3626063 0.105 0 P 0
L 2.338 0.0803937 2.338 0.1296063 0 P 0
L 2.4133937 0.105 2.4626063 0.105 0 P 0
L 2.438 0.0803937 2.438 0.1296063 0 P 0
L 2.563 0.1216 2.663 0.1216 0 P 0
L 2.563 1.9916 2.663 1.9916 0 P 0
L 2.608 2.487 2.616 2.487 0 P 0
L 2.608 2.537 2.616 2.537 0 P 0
L 2.608 2.587 2.616 2.587 0 P 0
L 2.608 2.6387008 2.616 2.6387008 0 P 0
L 2.612 2.483 2.612 2.491 0 P 0
L 2.612 2.533 2.612 2.541 0 P 0
L 2.612 2.583 2.612 2.591 0 P 0
L 2.612 2.6347008 2.612 2.6427008 0 P 0
L 2.613 0.0716 2.613 0.1716 0 P 0
L 2.613 1.9416 2.613 2.0416 0 P 0
L 2.6582014 2.233797 2.6662014 2.233797 0 P 0
L 2.66 0.4791826 2.668 0.4791826 0 P 0
L 2.6622014 2.229797 2.6622014 2.237797 0 P 0
L 2.664 0.4751826 2.664 0.4831826 0 P 0
L 2.6873553 1.9721236 2.6953553 1.9721236 0 P 0
L 2.6913553 1.9681236 2.6913553 1.9761236 0 P 0
L 2.6929215 1.1289304 2.7009215 1.1289304 0 P 0
L 2.6929215 1.23 2.7009215 1.23 0 P 0
L 2.6969215 1.1249304 2.6969215 1.1329304 0 P 0
L 2.6969215 1.226 2.6969215 1.234 0 P 0
L 2.7008462 2.5278237 2.7362792 2.5278237 0 P 0
L 2.714537 2.5961763 2.722537 2.5961763 0 P 0
L 2.718537 2.5921763 2.718537 2.6001763 0 P 0
L 2.7185627 2.5101072 2.7185627 2.5455402 0 P 0
L 2.7297581 2.036746 2.7377581 2.036746 0 P 0
L 2.7337581 2.032746 2.7337581 2.040746 0 P 0
L 2.7496777 0.3441327 2.7576777 0.3441327 0 P 0
L 2.7536777 0.3401327 2.7536777 0.3481327 0 P 0
L 2.7617008 0.4590635 2.7697008 0.4590635 0 P 0
L 2.7657008 0.4550635 2.7657008 0.4630635 0 P 0
L 2.7688223 0.209 2.7768223 0.209 0 P 0
L 2.7728223 0.205 2.7728223 0.213 0 P 0
L 2.7830556 2.0371356 2.7910556 2.0371356 0 P 0
L 2.784937 0.3637595 2.792937 0.3637595 0 P 0
L 2.7870556 2.0331356 2.7870556 2.0411356 0 P 0
L 2.788937 0.3597595 2.788937 0.3677595 0 P 0
L 2.793 0.438 2.801 0.438 0 P 0
L 2.797 0.434 2.797 0.442 0 P 0
L 2.8008462 2.5278237 2.8362792 2.5278237 0 P 0
L 2.8015086 2.1310938 2.8095086 2.1310938 0 P 0
L 2.8055086 2.1270938 2.8055086 2.1350938 0 P 0
L 2.8145627 2.4683749 2.8225627 2.4683749 0 P 0
L 2.8185627 2.4643749 2.8185627 2.4723749 0 P 0
L 2.8185627 2.5101072 2.8185627 2.5455402 0 P 0
L 2.8358683 0.421159 2.8438683 0.421159 0 P 0
L 2.8398683 0.417159 2.8398683 0.425159 0 P 0
L 2.868 0.93 2.918 0.93 0 P 0
L 2.868 1.03 2.918 1.03 0 P 0
L 2.868 1.13 2.918 1.13 0 P 0
L 2.868 1.23 2.918 1.23 0 P 0
L 2.868 1.33 2.918 1.33 0 P 0
L 2.893 0.905 2.893 0.955 0 P 0
L 2.893 1.005 2.893 1.055 0 P 0
L 2.893 1.105 2.893 1.155 0 P 0
L 2.893 1.205 2.893 1.255 0 P 0
L 2.893 1.305 2.893 1.355 0 P 0
L 2.9008462 2.5278237 2.9362792 2.5278237 0 P 0
L 2.9179292 2.4683749 2.9259292 2.4683749 0 P 0
L 2.9185627 2.5101072 2.9185627 2.5455402 0 P 0
L 2.9219292 2.4643749 2.9219292 2.4723749 0 P 0
L 2.929 0.2871629 2.937 0.2871629 0 P 0
L 2.933 0.2831629 2.933 0.2911629 0 P 0
L 2.9493477 1.979901 2.9573477 1.979901 0 P 0
L 2.9493477 2.0244845 2.9573477 2.0244845 0 P 0
L 2.9533477 1.975901 2.9533477 1.983901 0 P 0
L 2.9533477 2.0204845 2.9533477 2.0284845 0 P 0
L 2.954 2.054 2.962 2.054 0 P 0
L 2.958 2.05 2.958 2.058 0 P 0
L 2.96 0.378 3.01 0.378 0 P 0
L 2.96 0.478 3.01 0.478 0 P 0
L 2.96 0.578 3.01 0.578 0 P 0
L 2.96 0.678 3.01 0.678 0 P 0
L 2.968 0.9293282 2.976 0.9293282 0 P 0
L 2.97 1.037 2.978 1.037 0 P 0
L 2.972 0.9253282 2.972 0.9333282 0 P 0
L 2.974 1.033 2.974 1.041 0 P 0
L 2.985 0.353 2.985 0.403 0 P 0
L 2.985 0.453 2.985 0.503 0 P 0
L 2.985 0.553 2.985 0.603 0 P 0
L 2.985 0.653 2.985 0.703 0 P 0
L 2.9987804 2.1780095 3.0067804 2.1780095 0 P 0
L 2.9997804 1.5209033 3.0077804 1.5209033 0 P 0
L 3.0008462 2.5278237 3.0362792 2.5278237 0 P 0
L 3.0027804 2.1740095 3.0027804 2.1820095 0 P 0
L 3.0037804 1.5169033 3.0037804 1.5249033 0 P 0
L 3.003937 0.0925197 3.1102362 0.0925197 0 P 0
L 3.003937 2.6633858 3.1102362 2.6633858 0 P 0
L 3.007 0.256 3.015 0.256 0 P 0
L 3.0097491 2.1313675 3.0177491 2.1313675 0 P 0
L 3.011 0.252 3.011 0.26 0 P 0
L 3.0137491 2.1273675 3.0137491 2.1353675 0 P 0
L 3.0184934 1.6099367 3.0264934 1.6099367 0 P 0
L 3.0185627 2.5101072 3.0185627 2.5455402 0 P 0
L 3.0224934 1.6059367 3.0224934 1.6139367 0 P 0
L 3.046437 1.9654466 3.054437 1.9654466 0 P 0
L 3.046437 2.0420116 3.054437 2.0420116 0 P 0
L 3.050437 1.9614466 3.050437 1.9694466 0 P 0
L 3.050437 2.0380116 3.050437 2.0460116 0 P 0
L 3.0570866 0.0393701 3.0570866 0.1456693 0 P 0
L 3.0570866 2.6102362 3.0570866 2.7165354 0 P 0
L 3.0645627 2.5278237 3.0725627 2.5278237 0 P 0
L 3.0685627 2.5238237 3.0685627 2.5318237 0 P 0
L 3.0707214 1.869545 3.0787214 1.869545 0 P 0
L 3.0747214 1.865545 3.0747214 1.873545 0 P 0
